N	f		V		T		ttf
3	1269487110	0.820748689	112.5442076	881211099.3
3	873186570	0.820748689	112.5442076	1793853191
3	704117360	0.820748689	112.5442076	1208016733
3	757412590	0.820748689	112.5442076	7269858120
3	527897880	0.820748689	112.5442076	1174373713
3	639490630	0.820748689	112.5442076	4552341904
3	1115279900	0.820748689	112.5442076	1237579435
3	704146520	0.820748689	112.5442076	704401615.8
3	587069470	0.820748689	112.5442076	594447950.6
3	536392790	0.820748689	112.5442076	4767140926
3	843612080	0.820748689	112.5442076	1771182079
3	827454700	0.820748689	112.5442076	2187206125
3	880557610	0.820748689	112.5442076	1294809520
3	609129050	0.820748689	112.5442076	1418820842
3	586887780	0.820748689	112.5442076	3924178462
3	620866630	0.820748689	112.5442076	991884924.3
3	767783540	0.820748689	112.5442076	1439602340
3	840998030	0.820748689	112.5442076	631370868.6
3	493150390	0.820748689	112.5442076	1759105572
3	718212780	0.820748689	112.5442076	1465360099
3	859878900	0.820748689	112.5442076	1582256954
3	722599120	0.820748689	112.5442076	2912806440
3	772005650	0.820748689	112.5442076	376651312
3	559405900	0.820748689	112.5442076	3640110215
3	662521490	0.820748689	112.5442076	1360265894
3	549021210	0.820748689	112.5442076	1485626327
3	706102810	0.820748689	112.5442076	4017273443
3	694774990	0.820748689	112.5442076	4397336322
3	662293490	0.820748689	112.5442076	1607269431
3	732368650	0.820748689	112.5442076	1056238799
3	854023170	0.820748689	112.5442076	2882489142
3	852105090	0.820748689	112.5442076	863244430.7
3	766031370	0.820748689	112.5442076	1280137939
3	785913010	0.820748689	112.5442076	904053191.2
3	742183960	0.820748689	112.5442076	1139792829
3	1281492500	0.820748689	112.5442076	7712518532
3	615151380	0.820748689	112.5442076	3044908969
3	797987910	0.820748689	112.5442076	1086515607
3	766940680	0.820748689	112.5442076	831802385
3	694564910	0.820748689	112.5442076	741878698.7
3	928632920	0.820748689	112.5442076	2530021087
3	1289821430	0.820748689	112.5442076	3479002582
3	923760040	0.820748689	112.5442076	1433626543
3	887982000	0.820748689	112.5442076	5948606197
3	559182610	0.820748689	112.5442076	1957098530
3	544325140	0.820748689	112.5442076	2286501362
3	754639890	0.820748689	112.5442076	1947750443
3	927831120	0.820748689	112.5442076	793588378
3	556585850	0.820748689	112.5442076	1260213088
3	640736490	0.820748689	112.5442076	2668824918
3	782390630	0.820748689	112.5442076	4376060458
3	927174290	0.820748689	112.5442076	2404828117
3	675534390	0.820748689	112.5442076	1456316345
3	851280080	0.820748689	112.5442076	9508072545
3	531004510	0.820748689	112.5442076	2423202016
3	629421250	0.820748689	112.5442076	6622661084
3	744901600	0.820748689	112.5442076	1125764439
3	777657360	0.820748689	112.5442076	2367459614
3	924740680	0.820748689	112.5442076	2254653433
3	710462090	0.820748689	112.5442076	3276010525
3	736587690	0.820748689	112.5442076	4215289475
3	706965360	0.820748689	112.5442076	2196297296
3	851951800	0.820748689	112.5442076	801272443.3
3	622360460	0.820748689	112.5442076	2559656224
3	581322300	0.820748689	112.5442076	5974609876
3	794082660	0.820748689	112.5442076	1959921556
3	619337680	0.820748689	112.5442076	2641519772
3	628622930	0.820748689	112.5442076	3218793445
3	719086180	0.820748689	112.5442076	935602145.3
3	445596280	0.820748689	112.5442076	891992274.6
3	524382370	0.820748689	112.5442076	7838609905
3	740164620	0.820748689	112.5442076	1345213148
3	677271270	0.820748689	112.5442076	561251230.9
3	867879490	0.820748689	112.5442076	1194758296
3	822182490	0.820748689	112.5442076	2740718746
3	1165171610	0.820748689	112.5442076	3053146477
3	1195976540	0.820748689	112.5442076	780875951.7
3	544519730	0.820748689	112.5442076	1684065197
3	770222570	0.820748689	112.5442076	1913467265
3	792326360	0.820748689	112.5442076	1608636491
3	859885620	0.820748689	112.5442076	1769798887
3	773117540	0.820748689	112.5442076	617605270.5
3	891838240	0.820748689	112.5442076	873719437.2
3	657700130	0.820748689	112.5442076	6013321807
3	609122340	0.820748689	112.5442076	2938458933
3	836913700	0.820748689	112.5442076	1086361845
3	649613990	0.820748689	112.5442076	1169116629
3	734420220	0.820748689	112.5442076	2044516408
3	724868940	0.820748689	112.5442076	966307495.3
3	748817430	0.820748689	112.5442076	693026357.5
3	942700780	0.820748689	112.5442076	1467421683
3	558661230	0.820748689	112.5442076	1329814962
3	764291180	0.820748689	112.5442076	1247162591
3	930109960	0.820748689	112.5442076	1561715439
3	1293905380	0.820748689	112.5442076	11695547823
3	924653300	0.820748689	112.5442076	1612573158
3	773225420	0.820748689	112.5442076	690090959.7
3	671054530	0.820748689	112.5442076	1393291353
3	735596030	0.820748689	112.5442076	3869578885
3	653034520	0.820748689	112.5442076	3522591882
3	809918060	0.820748689	112.5442076	2051490717
3	496521260	0.820748689	112.5442076	1332872978
3	709133710	0.820748689	112.5442076	4047493299
3	917264670	0.820748689	112.5442076	4868531572
3	643353320	0.820748689	112.5442076	1418223427
3	525990990	0.820748689	112.5442076	406581397.4
3	675948510	0.820748689	112.5442076	2663900080
3	541440560	0.820748689	112.5442076	1235952634
3	670883620	0.820748689	112.5442076	517770662.7
3	696804720	0.820748689	112.5442076	1699444071
3	1283228710	0.820748689	112.5442076	916643965.1
3	758664470	0.820748689	112.5442076	1108014377
3	932661850	0.820748689	112.5442076	1039713194
3	675253150	0.820748689	112.5442076	3161647874
3	1105117730	0.820748689	112.5442076	1369608490
3	696513900	0.820748689	112.5442076	1555401880
3	690977310	0.820748689	112.5442076	796942436.3
3	669733810	0.820748689	112.5442076	647560535
3	811839340	0.820748689	112.5442076	1627537298
3	873695350	0.820748689	112.5442076	2542165905
3	903610160	0.820748689	112.5442076	2232469726
3	896804560	0.820748689	112.5442076	2654889950
3	739907010	0.820748689	112.5442076	755443970.5
3	798348090	0.820748689	112.5442076	3230458448
3	747652610	0.820748689	112.5442076	1462352431
3	799389790	0.820748689	112.5442076	766791890.6
3	733116960	0.820748689	112.5442076	1064706262
3	605335990	0.820748689	112.5442076	9226707349
3	642432390	0.820748689	112.5442076	1000289997
3	586043650	0.820748689	112.5442076	2204217583
3	843711340	0.820748689	112.5442076	3628533144
3	775797000	0.820748689	112.5442076	1982274087
3	893355850	0.820748689	112.5442076	497658795.8
3	610864900	0.820748689	112.5442076	2625607085
3	1256558020	0.820748689	112.5442076	5210321165
3	663452520	0.820748689	112.5442076	3574153885
3	792235560	0.820748689	112.5442076	366794825
3	1186890770	0.820748689	112.5442076	499507860.1
3	592828200	0.820748689	112.5442076	494763514
3	797118900	0.820748689	112.5442076	796269668.7
3	923892700	0.820748689	112.5442076	1144955477
3	924422510	0.820748689	112.5442076	319351431.7
3	1308496630	0.820748689	112.5442076	447306025.9
3	666266960	0.820748689	112.5442076	2869956781
3	565842990	0.820748689	112.5442076	2736020419
3	824702040	0.820748689	112.5442076	696412505.2
3	690718130	0.820748689	112.5442076	1366765442
3	723600190	0.820748689	112.5442076	1427074170
3	627690240	0.820748689	112.5442076	3353053116
3	1288529730	0.820748689	112.5442076	499391068.4
3	920717240	0.820748689	112.5442076	2181308062
3	1223340570	0.820748689	112.5442076	926837310.6
3	959894600	0.820748689	112.5442076	1151154342
3	843507390	0.820748689	112.5442076	69617312160
3	558569580	0.820748689	112.5442076	13694564374
3	627405790	0.820748689	112.5442076	11641403944
3	845943130	0.820748689	112.5442076	1238624043
3	831342360	0.820748689	112.5442076	212539116.1
3	616297350	0.820748689	112.5442076	1340705820
5	608459390	0.820748689	112.5442076	1405237915
5	562936450	0.820748689	112.5442076	2073385771
5	560338680	0.820748689	112.5442076	2411842991
5	619533420	0.820748689	112.5442076	3529889017
5	508971440	0.820748689	112.5442076	6366276176
5	523125440	0.820748689	112.5442076	3878537216
5	510244460	0.820748689	112.5442076	1541888410
5	418802350	0.820748689	112.5442076	2812944716
5	510200710	0.820748689	112.5442076	2710235296
5	503159040	0.820748689	112.5442076	9791738978
5	532196960	0.820748689	112.5442076	6245467802
5	543784800	0.820748689	112.5442076	4065375328
5	543475520	0.820748689	112.5442076	675218729.6
5	539515910	0.820748689	112.5442076	4174244027
5	465831080	0.820748689	112.5442076	12999700898
5	563440440	0.820748689	112.5442076	2527338335
5	539367030	0.820748689	112.5442076	791635349.2
5	566338670	0.820748689	112.5442076	1776097895
5	497940460	0.820748689	112.5442076	3744066321
5	501981630	0.820748689	112.5442076	1213448992
5	480738190	0.820748689	112.5442076	2603671157
5	568597490	0.820748689	112.5442076	822696833.3
5	529737800	0.820748689	112.5442076	1180445346
5	517288030	0.820748689	112.5442076	37724753103
5	677978040	0.820748689	112.5442076	9681349399
5	436587820	0.820748689	112.5442076	2341513889
5	411703700	0.820748689	112.5442076	1156189155
5	432956240	0.820748689	112.5442076	2021157894
5	531889430	0.820748689	112.5442076	472102677.3
5	386563910	0.820748689	112.5442076	1277250454
5	567813370	0.820748689	112.5442076	1065739428
5	541378510	0.820748689	112.5442076	2042403421
5	487755980	0.820748689	112.5442076	1170798296
5	542153370	0.820748689	112.5442076	3079126475
5	588964990	0.820748689	112.5442076	7841577830
5	609548030	0.820748689	112.5442076	896162486
5	542698610	0.820748689	112.5442076	1606101613
5	472059870	0.820748689	112.5442076	3984416781
5	495498100	0.820748689	112.5442076	6267886462
5	463485870	0.820748689	112.5442076	1050514040
5	506987140	0.820748689	112.5442076	2618055448
5	499009380	0.820748689	112.5442076	1259519885
5	502240560	0.820748689	112.5442076	2476338992
5	484437210	0.820748689	112.5442076	4259073083
5	523145110	0.820748689	112.5442076	1388562904
5	402249530	0.820748689	112.5442076	5976414529
5	545391300	0.820748689	112.5442076	3135257555
5	473875330	0.820748689	112.5442076	10537702016
5	433535910	0.820748689	112.5442076	789777485.9
5	575700660	0.820748689	112.5442076	1740096606
5	560144420	0.820748689	112.5442076	921703356.4
5	517608430	0.820748689	112.5442076	1218405935
5	548645730	0.820748689	112.5442076	541711694.4
5	560888600	0.820748689	112.5442076	1285991710
5	565231660	0.820748689	112.5442076	1972886246
5	740599160	0.820748689	112.5442076	1676444729
5	509363150	0.820748689	112.5442076	552804287.7
5	436625760	0.820748689	112.5442076	1864338553
5	491165550	0.820748689	112.5442076	1387793817
5	693821140	0.820748689	112.5442076	966202702.2
5	547601690	0.820748689	112.5442076	717997701.5
5	480641650	0.820748689	112.5442076	829658394.9
5	623742500	0.820748689	112.5442076	1441616899
5	499222880	0.820748689	112.5442076	3017226499
5	509360660	0.820748689	112.5442076	638891613.4
5	683133470	0.820748689	112.5442076	3421152386
5	424401290	0.820748689	112.5442076	1894009484
5	445534560	0.820748689	112.5442076	3710391071
5	496174090	0.820748689	112.5442076	2551992985
5	388595270	0.820748689	112.5442076	1615323019
5	765394390	0.820748689	112.5442076	2091946331
5	423505690	0.820748689	112.5442076	1244655912
5	569991660	0.820748689	112.5442076	696265047.6
5	440800730	0.820748689	112.5442076	2857896423
5	544718090	0.820748689	112.5442076	2408983696
5	396399520	0.820748689	112.5442076	854078493.1
5	522689400	0.820748689	112.5442076	511593671.8
5	433092300	0.820748689	112.5442076	3921650810
5	412734820	0.820748689	112.5442076	1750712266
11	279202390	0.820748689	112.5442076	1360879488
11	285072510	0.820748689	112.5442076	565212312.8
11	213458160	0.820748689	112.5442076	1524598753
11	283595570	0.820748689	112.5442076	1945623066
11	288700410	0.820748689	112.5442076	4322553241
11	216883980	0.820748689	112.5442076	1982346637
11	260168090	0.820748689	112.5442076	2171144333
11	268306920	0.820748689	112.5442076	4578448038
11	240762540	0.820748689	112.5442076	2970202980
11	235312450	0.820748689	112.5442076	1980983856
11	250858100	0.820748689	112.5442076	2155304096
11	260510970	0.820748689	112.5442076	850492423.2
11	228363060	0.820748689	112.5442076	2337014267
11	249257980	0.820748689	112.5442076	6408679717
11	215615610	0.820748689	112.5442076	2925311478
11	228835600	0.820748689	112.5442076	4385594042
11	289088990	0.820748689	112.5442076	1016657873
11	240877620	0.820748689	112.5442076	1076900799
11	282257840	0.820748689	112.5442076	2009715709
11	212660930	0.820748689	112.5442076	2075248429
11	295168970	0.820748689	112.5442076	736391166.2
11	242469850	0.820748689	112.5442076	2343632540
11	280758540	0.820748689	112.5442076	2002224546
11	291768490	0.820748689	112.5442076	8175144858
11	253849630	0.820748689	112.5442076	2057743854
11	282421060	0.820748689	112.5442076	1612449920
11	274016730	0.820748689	112.5442076	1485476053
11	275023670	0.820748689	112.5442076	1571722632
11	280845180	0.820748689	112.5442076	916543652.3
11	228113750	0.820748689	112.5442076	2931992230
11	256205750	0.820748689	112.5442076	2635578215
11	271786830	0.820748689	112.5442076	957604552.6
11	265967030	0.820748689	112.5442076	332330099.6
11	276137180	0.820748689	112.5442076	1319643465
11	267677060	0.820748689	112.5442076	8686420103
11	255318150	0.820748689	112.5442076	1187002317
11	210636660	0.820748689	112.5442076	625422007
11	317504150	0.820748689	112.5442076	1317546258
11	293115250	0.820748689	112.5442076	7895247246
101	33405640	0.820748689	112.5442076	1636916316
101	28647310	0.820748689	112.5442076	1576578469
101	29402780	0.820748689	112.5442076	1482249996
101	29828330	0.820748689	112.5442076	1512020045
101	29591900	0.820748689	112.5442076	1629255499
101	29331350	0.820748689	112.5442076	1355114512
101	30800970	0.820748689	112.5442076	2581521670
101	28648400	0.820748689	112.5442076	2232119572
101	29238380	0.820748689	112.5442076	3626021384
101	29383630	0.820748689	112.5442076	4860574216
101	28663090	0.820748689	112.5442076	1979736174
101	28590850	0.820748689	112.5442076	4555200491
101	29435380	0.820748689	112.5442076	1522087757
101	27855220	0.820748689	112.5442076	4416438999
101	28337670	0.820748689	112.5442076	1843497649
101	29202170	0.820748689	112.5442076	2956048458
101	28872800	0.820748689	112.5442076	1820919301
101	29596570	0.820748689	112.5442076	1508832682
101	29016590	0.820748689	112.5442076	1784853008
3	1803768680	1.12018	-5	6918919346
3	1219968200	1.12018	-5	39857609104
3	982356040	1.12018	-5	15144458151
3	1061440610	1.12018	-5	20400244138
3	728228910	1.12018	-5	12125566143
3	880367850	1.12018	-5	19505058091
3	1561833870	1.12018	-5	14283514535
3	966241500	1.12018	-5	20336139339
3	823468020	1.12018	-5	79752979165
3	739385400	1.12018	-5	16615199395
3	1182929030	1.12018	-5	28207396449
3	1150474960	1.12018	-5	59687995116
3	1236954010	1.12018	-5	57834887433
3	845752970	1.12018	-5	10829814195
3	819152430	1.12018	-5	26067488064
3	862630780	1.12018	-5	12533959424
3	1066536230	1.12018	-5	28583361620
3	1171733230	1.12018	-5	54338077045
3	682501900	1.12018	-5	41838112182
3	1004828660	1.12018	-5	44922202727
3	1197691790	1.12018	-5	50947248496
3	1016353140	1.12018	-5	53834322229
3	1079298840	1.12018	-5	32836881772
3	775360220	1.12018	-5	27444371014
3	911439280	1.12018	-5	59405124918
3	751973350	1.12018	-5	12165246884
3	968671170	1.12018	-5	29701003145
3	962316900	1.12018	-5	58132930718
3	919509790	1.12018	-5	36960722332
3	1003422280	1.12018	-5	95064033937
3	1188480890	1.12018	-5	50345897334
3	1191774900	1.12018	-5	50509962747
3	1065870250	1.12018	-5	99058341800
3	1110572510	1.12018	-5	81451367960
3	1045980830	1.12018	-5	16051383110
3	1818460540	1.12018	-5	16051383110
3	848212750	1.12018	-5	25519294746
3	1124193640	1.12018	-5	56249600238
3	1075403300	1.12018	-5	21203115127
3	963752760	1.12018	-5	56444033940
3	1298488240	1.12018	-5	82220340797
3	1837592750	1.12018	-5	82220340797
3	1290515810	1.12018	-5	82632528804
3	1242238040	1.12018	-5	43669272869
3	783170010	1.12018	-5	38396027284
3	754424350	1.12018	-5	46088573836
3	1031060740	1.12018	-5	27347530081
3	1299143730	1.12018	-5	43745736805
3	775595820	1.12018	-5	12764075184
3	884630210	1.12018	-5	24339372629
3	1099146220	1.12018	-5	55369405394
3	1295292180	1.12018	-5	42096292790
3	927593150	1.12018	-5	23853549824
3	1194360380	1.12018	-5	27959013727
3	737832330	1.12018	-5	33307893158
3	882477450	1.12018	-5	14648920026
3	1047292520	1.12018	-5	70453580257
3	1095100240	1.12018	-5	89170890317
3	1292707560	1.12018	-5	12130803143
3	978765820	1.12018	-5	76701046822
3	1032194960	1.12018	-5	8113533677
3	991615260	1.12018	-5	3693008770
3	1196718430	1.12018	-5	58798985830
3	865028390	1.12018	-5	26058876611
3	806193730	1.12018	-5	16735220651
3	1126283890	1.12018	-5	16475395233
3	858607320	1.12018	-5	9885481904
3	866279040	1.12018	-5	10423108233
3	1005103210	1.12018	-5	5198432638
3	614032470	1.12018	-5	5846152112
3	725563530	1.12018	-5	6260110896
3	1036596710	1.12018	-5	70563718747
3	928326100	1.12018	-5	24853533716
3	1209154410	1.12018	-5	16900051661
3	1152056920	1.12018	-5	17920814524
3	1627397710	1.12018	-5	20172304093
3	1698367300	1.12018	-5	79638312655
3	757041400	1.12018	-5	17543897820
3	1066233920	1.12018	-5	10979859640
3	1108630420	1.12018	-5	21860613693
3	1206308680	1.12018	-5	46703692040
3	1055213170	1.12018	-5	13486084722
3	1244937320	1.12018	-5	34156097040
3	905604530	1.12018	-5	25093139978
3	838625140	1.12018	-5	17150193489
3	1166807440	1.12018	-5	31005084083
3	907524440	1.12018	-5	6450400492
3	1004609620	1.12018	-5	17238344465
3	1004071960	1.12018	-5	34128632147
3	1027245380	1.12018	-5	37459926440
3	1317765900	1.12018	-5	30798192461
3	782683820	1.12018	-5	55972197283
3	1056156860	1.12018	-5	13268308387
3	1300223770	1.12018	-5	37541449833
3	1843389020	1.12018	-5	23816258184
3	1292909460	1.12018	-5	27461565158
3	1096616240	1.12018	-5	21679360336
3	938680530	1.12018	-5	9225688934
3	1005062490	1.12018	-5	10800128010
3	910420740	1.12018	-5	15663396051
3	1132756780	1.12018	-5	19616111450
3	695474580	1.12018	-5	8174492609
3	992447510	1.12018	-5	43998149093
3	1279070790	1.12018	-5	76360656716
3	899574420	1.12018	-5	33196331021
3	727052440	1.12018	-5	6762568290
3	925464830	1.12018	-5	17971255537
3	748620680	1.12018	-5	9069672318
3	937381460	1.12018	-5	35673252251
3	961739870	1.12018	-5	18461449945
3	1820616330	1.12018	-5	1.1346E+11
3	1070311720	1.12018	-5	77609611095
3	1300891040	1.12018	-5	7254972872
3	932359510	1.12018	-5	52419725390
3	1548266460	1.12018	-5	17173776749
3	990523470	1.12018	-5	19803527797
3	961802800	1.12018	-5	10663445200
3	939370000	1.12018	-5	20313979956
3	1145857400	1.12018	-5	22741954949
3	1217299890	1.12018	-5	22741954949
3	1261600230	1.12018	-5	63969194869
3	1252815500	1.12018	-5	4574892692
3	1030981730	1.12018	-5	42882308585
3	1107938580	1.12018	-5	9349037807
3	1021680670	1.12018	-5	30405253554
3	1121402910	1.12018	-5	29253794755
3	1004255510	1.12018	-5	13290771589
3	835397810	1.12018	-5	4539787379
3	896987330	1.12018	-5	21453861067
3	808581580	1.12018	-5	12852212489
3	1173808850	1.12018	-5	15344602058
3	1082697830	1.12018	-5	11141774914
3	1247863550	1.12018	-5	19131819927
3	846750800	1.12018	-5	29992166770
3	1791501260	1.12018	-5	31950366284
3	918275050	1.12018	-5	17280453540
3	1114706660	1.12018	-5	27814662739
3	1682698390	1.12018	-5	27814662739
3	820940520	1.12018	-5	26281633631
3	1126032390	1.12018	-5	86742080599
3	1290784710	1.12018	-5	47629630349
3	1291368010	1.12018	-5	54010241396
3	1862430430	1.12018	-5	43360051394
3	922441380	1.12018	-5	54122941271
3	788297460	1.12018	-5	33023322486
3	1144481990	1.12018	-5	41641304406
3	955597270	1.12018	-5	34730480114
3	1011507730	1.12018	-5	18147187205
3	862444550	1.12018	-5	8381912909
3	1834676040	1.12018	-5	50508813005
3	1292715100	1.12018	-5	27335546341
3	1707184990	1.12018	-5	23657413012
3	1369475350	1.12018	-5	24507372293
3	1187277850	1.12018	-5	28071352239
3	783173800	1.12018	-5	50540916389
3	871694090	1.12018	-5	23855913029
3	1169910170	1.12018	-5	20923460843
3	1177765290	1.12018	-5	46907670100
3	859064040	1.12018	-5	58521070687
3	954459390	1.12018	-5	57424047979
5	839151480	1.12018	-5	14600813046
5	792656570	1.12018	-5	12028923160
5	787385660	1.12018	-5	22633282509
5	886843100	1.12018	-5	28947249144
5	714240470	1.12018	-5	20220427734
5	724935770	1.12018	-5	16034362561
5	715417550	1.12018	-5	19964978245
5	579307650	1.12018	-5	23482116375
5	713145680	1.12018	-5	27997848894
5	691599250	1.12018	-5	13085008946
5	743541160	1.12018	-5	9685213496
5	754868000	1.12018	-5	18043195463
5	756947210	1.12018	-5	60294084427
5	747824630	1.12018	-5	34099237988
5	647562610	1.12018	-5	34099237988
5	785030730	1.12018	-5	45952703039
5	747744750	1.12018	-5	14299015459
5	777923270	1.12018	-5	12194862950
5	697539970	1.12018	-5	48103235348
5	704879960	1.12018	-5	20918103465
5	663355390	1.12018	-5	17127277985
5	795962010	1.12018	-5	77978161125
5	740366900	1.12018	-5	51713225557
5	722037170	1.12018	-5	34453610868
5	966299460	1.12018	-5	28218808450
5	606634560	1.12018	-5	14971557188
5	573272130	1.12018	-5	18154563770
5	596064510	1.12018	-5	30561494803
5	744986150	1.12018	-5	48773022988
5	538970770	1.12018	-5	45032185092
5	800481530	1.12018	-5	63164586406
5	756584050	1.12018	-5	24820127630
5	670830970	1.12018	-5	16051663507
5	759404370	1.12018	-5	15851737283
5	825917190	1.12018	-5	15851737283
5	839554530	1.12018	-5	57271381385
5	764147960	1.12018	-5	9463504794
5	653217950	1.12018	-5	10103428850
5	688133970	1.12018	-5	44353917023
5	652165260	1.12018	-5	86160817982
5	711555300	1.12018	-5	40954573574
5	697825420	1.12018	-5	1.04343E+11
5	703083510	1.12018	-5	11261677252
5	671002170	1.12018	-5	18411863594
5	719934440	1.12018	-5	17444796455
5	558159550	1.12018	-5	9606167157
5	750627370	1.12018	-5	14609441996
5	647991560	1.12018	-5	11981919483
5	598485710	1.12018	-5	26719172410
5	804003650	1.12018	-5	52723362506
5	785136580	1.12018	-5	49579639393
5	714828050	1.12018	-5	19349246770
5	759288330	1.12018	-5	45901261552
5	786550410	1.12018	-5	1.44802E+11
5	786663390	1.12018	-5	22484136305
5	1051853170	1.12018	-5	36329739111
5	710809660	1.12018	-5	41459005652
5	607206430	1.12018	-5	52741251697
5	685224510	1.12018	-5	26727797248
5	988644820	1.12018	-5	2.08512E+11
5	753966060	1.12018	-5	17018161437
5	666280360	1.12018	-5	14910493790
5	864704560	1.12018	-5	7600098502
5	690996260	1.12018	-5	49444245359
5	712025130	1.12018	-5	11266648729
5	981412810	1.12018	-5	53015677837
5	589718790	1.12018	-5	17398171997
5	613480140	1.12018	-5	31538801012
5	686242770	1.12018	-5	10650463121
5	544564170	1.12018	-5	10650463121
5	1048582710	1.12018	-5	16517495273
5	590773260	1.12018	-5	10313160666
5	794469140	1.12018	-5	52886998611
5	613701970	1.12018	-5	10759547340
5	748505590	1.12018	-5	11320510696
5	550669190	1.12018	-5	11320510696
5	728394700	1.12018	-5	43454303209
5	599556320	1.12018	-5	16091836008
5	573963190	1.12018	-5	11480048066
5	733640080	1.12018	-5	18123086900
11	387682290	1.12018	-5	1.02396E+11
11	397059110	1.12018	-5	60341086483
11	295181830	1.12018	-5	37149802125
11	391805340	1.12018	-5	26316374865
11	398338250	1.12018	-5	17485816771
11	303274320	1.12018	-5	26079130556
11	363035380	1.12018	-5	35984002854
11	374728610	1.12018	-5	41914895461
11	336273030	1.12018	-5	29671069803
11	329443180	1.12018	-5	38994333851
11	353359400	1.12018	-5	56272933969
11	363873760	1.12018	-5	20837452412
11	317611670	1.12018	-5	8508552615
11	348990100	1.12018	-5	8508552615
11	298943670	1.12018	-5	20469531039
11	316742600	1.12018	-5	57925642069
11	397520330	1.12018	-5	29781553032
11	335921440	1.12018	-5	18344701904
11	394098500	1.12018	-5	52282376424
11	295886930	1.12018	-5	20889355309
11	409169520	1.12018	-5	48332974667
11	338634920	1.12018	-5	12348005120
11	391796450	1.12018	-5	55315678927
11	407334740	1.12018	-5	28528563743
11	352132840	1.12018	-5	16321073834
11	392527330	1.12018	-5	24677810612
11	382380140	1.12018	-5	41623088512
11	383522600	1.12018	-5	33484889280
11	388158040	1.12018	-5	54535753519
11	318202390	1.12018	-5	50061926237
11	356516460	1.12018	-5	24795554897
11	380684300	1.12018	-5	66929223115
11	372405110	1.12018	-5	59358851973
11	381766800	1.12018	-5	17278933822
11	373041190	1.12018	-5	26441826172
11	354004990	1.12018	-5	36530648445
11	293553520	1.12018	-5	31846016027
11	440274240	1.12018	-5	1.00383E+11
11	408911980	1.12018	-5	33193936021
11	391456130	1.12018	-5	39211209831
101	46478490	1.12018	-5	14913262821
101	39926150	1.12018	-5	13918102046
101	41019470	1.12018	-5	12437457300
101	41455400	1.12018	-5	16477522498
101	41216220	1.12018	-5	21031539737
101	40665980	1.12018	-5	31137909008
101	42713980	1.12018	-5	47429979884
101	39829000	1.12018	-5	82604278772
101	40743000	1.12018	-5	88012715942
101	40833340	1.12018	-5	79450159281
101	39889820	1.12018	-5	75449198266
101	39725930	1.12018	-5	93985109750
101	40981960	1.12018	-5	86951131415
101	38801080	1.12018	-5	38579047253
101	39411640	1.12018	-5	34332706153
101	40666880	1.12018	-5	35022063266
101	40192240	1.12018	-5	37071668504
101	41102640	1.12018	-5	33514479433
101	40230990	1.12018	-5	31218475856
101	43314660	1.12018	-5	46058799681
3	1460708966	1.018	125.72	187355432.7
3	1003384794	1.018	125.72	70381998.11
3	798589964.8	1.018	125.72	99959264.62
3	869079556.2	1.018	125.72	89959723.41
3	597752816	1.018	125.72	178258046.7
3	726289100.6	1.018	125.72	120411906.6
3	1280113491	1.018	125.72	98064851.41
3	796218091.6	1.018	125.72	104816795.5
3	677940872.2	1.018	125.72	64371275.86
3	606702048.2	1.018	125.72	117637539.5
3	965400907.3	1.018	125.72	64520543.07
3	944714034.9	1.018	125.72	222134353.8
3	1025232086	1.018	125.72	129973639.3
3	690929366.4	1.018	125.72	83482874.02
3	675104256.9	1.018	125.72	138756776.5
3	703974852.9	1.018	125.72	216491351.9
3	871584377.4	1.018	125.72	81756756.68
3	959669461.1	1.018	125.72	127309949.7
3	562162212.3	1.018	125.72	115037333
3	822083678.2	1.018	125.72	62398161.05
3	989718758.3	1.018	125.72	130772939.6
3	838229716.4	1.018	125.72	144920123.4
3	885844316.9	1.018	125.72	177212687.6
3	640910128.7	1.018	125.72	70898037.58
3	754015250	1.018	125.72	107039489.7
3	621254638	1.018	125.72	175348576
3	800890676.4	1.018	125.72	124818338.9
3	795596524.8	1.018	125.72	155611181.7
3	767870651.6	1.018	125.72	104534511.1
3	827473257.6	1.018	125.72	220476741.9
3	987314185.9	1.018	125.72	103305714.7
3	980236093.3	1.018	125.72	26615138.06
3	882378918.2	1.018	125.72	112707905.2
3	915297095.6	1.018	125.72	44154123.84
3	856153961.6	1.018	125.72	78028270.02
3	1501125552	1.018	125.72	75673728.43
3	701074621	1.018	125.72	95498913.65
3	921022344.3	1.018	125.72	74458877.45
3	877929472.9	1.018	125.72	69120334.72
3	795639742.7	1.018	125.72	53649746.77
3	1074575099	1.018	125.72	66902823.27
3	1515794649	1.018	125.72	57882329.15
3	1071362085	1.018	125.72	103377239.4
3	1025127180	1.018	125.72	144920947.9
3	649245958	1.018	125.72	63111546.26
3	620039181	1.018	125.72	186599045.3
3	853744441	1.018	125.72	117432486.3
3	1066881131	1.018	125.72	174255568.1
3	644928135.5	1.018	125.72	77714225.58
3	732699182.4	1.018	125.72	102371787
3	905147045.9	1.018	125.72	65991755.33
3	1067055325	1.018	125.72	66368625.47
3	765550262.3	1.018	125.72	188000538.8
3	979803836.2	1.018	125.72	150809526.6
3	608990552.1	1.018	125.72	75183758.5
3	729172662.1	1.018	125.72	175048780
3	863400610.6	1.018	125.72	282642939.9
3	905150040.8	1.018	125.72	72290033.82
3	1067651233	1.018	125.72	179746464.2
3	807230974.2	1.018	125.72	95975322.46
3	837821847.3	1.018	125.72	211107370
3	803562190.8	1.018	125.72	66883436.99
3	980772769.5	1.018	125.72	121892850.5
3	712708618.3	1.018	125.72	78853660.92
3	663550142.5	1.018	125.72	174941025.1
3	917462362.2	1.018	125.72	90375287.06
3	698756221.1	1.018	125.72	144965770.8
3	710013997.1	1.018	125.72	108590817.3
3	811519536.1	1.018	125.72	61813656.41
3	501794032	1.018	125.72	304692803.7
3	590588922.3	1.018	125.72	172110938.5
3	847623184	1.018	125.72	66401132.51
3	762954313.9	1.018	125.72	114891329.6
3	989477609.4	1.018	125.72	42492507.62
3	935335011	1.018	125.72	126211183.2
3	1324758423	1.018	125.72	67184771.61
3	1384386316	1.018	125.72	75243429.74
3	617448130	1.018	125.72	92844037.45
3	874588709.9	1.018	125.72	87364915.15
3	901791103.6	1.018	125.72	96281320.27
3	987507098	1.018	125.72	83332357.62
3	874446575.8	1.018	125.72	122662730.7
3	1026255255	1.018	125.72	164517392.2
3	747102629.6	1.018	125.72	287723023.3
3	695219656.3	1.018	125.72	128468114.1
3	960596049.2	1.018	125.72	104721952.8
3	745578397.9	1.018	125.72	143032246.1
3	832053926.2	1.018	125.72	211847144.9
3	830547009.6	1.018	125.72	120931435.9
3	849813682.9	1.018	125.72	102744071.5
3	1089707293	1.018	125.72	116651088.2
3	647252768	1.018	125.72	155883561.1
3	876194573.7	1.018	125.72	116404414.3
3	1067690321	1.018	125.72	106430253.9
3	1501633831	1.018	125.72	28160958.98
3	1064996815	1.018	125.72	100814903.6
3	906331681	1.018	125.72	68309283.16
3	764085148.3	1.018	125.72	168394586.3
3	830465738.8	1.018	125.72	170848648.8
3	744491350	1.018	125.72	344862820.5
3	920469380.2	1.018	125.72	76467477.47
3	564414249.1	1.018	125.72	224809116.6
3	805847574.9	1.018	125.72	125607214.8
3	1039017448	1.018	125.72	32704375.14
3	736660809.3	1.018	125.72	52721259.41
3	590425203.4	1.018	125.72	148165196.1
3	751213880.4	1.018	125.72	78477300.64
3	611304080.6	1.018	125.72	101792258.7
3	760116442.4	1.018	125.72	76648759.03
3	787514165.9	1.018	125.72	76927125.11
3	1472227720	1.018	125.72	81798427.81
3	870277690.3	1.018	125.72	56716830.89
3	1049078809	1.018	125.72	81567440.7
3	763482890.9	1.018	125.72	181615085.2
3	1259612565	1.018	125.72	80655998.94
3	801270786.5	1.018	125.72	97836920.54
3	773728149.5	1.018	125.72	144383545.2
3	758284336.1	1.018	125.72	23489288.13
3	930291679.1	1.018	125.72	37244996.06
3	993537793.3	1.018	125.72	85637155.6
3	1042073694	1.018	125.72	76215864.21
3	1027791383	1.018	125.72	109325614.6
3	850772944	1.018	125.72	99754789.19
3	914294127.4	1.018	125.72	137959184.2
3	847476224.1	1.018	125.72	84956328.22
3	921667103.7	1.018	125.72	34938684.96
3	836669519.9	1.018	125.72	101063536.5
3	691546323.1	1.018	125.72	171037382.7
3	741254578	1.018	125.72	87878804.81
3	665519380.3	1.018	125.72	125486988.6
3	970344918.2	1.018	125.72	221645045
3	886996354.6	1.018	125.72	152677532.4
3	1027916652	1.018	125.72	87575395.36
3	701315910.1	1.018	125.72	191365927.1
3	1467145238	1.018	125.72	95390831.76
3	758282820.8	1.018	125.72	98881135.3
3	915538859.8	1.018	125.72	91517838.12
3	1382206590	1.018	125.72	43430082.94
3	678978342	1.018	125.72	104688055.5
3	925414701.6	1.018	125.72	48427410.12
3	1061363666	1.018	125.72	126633733.8
3	1059590609	1.018	125.72	99292309.51
3	1508899972	1.018	125.72	32813768.67
3	758986890.2	1.018	125.72	285187639.1
3	646706464.9	1.018	125.72	106285239.4
3	938230705.4	1.018	125.72	137976801.9
3	785407873.8	1.018	125.72	61837067.12
3	821516639.1	1.018	125.72	80352128.69
3	707970907.4	1.018	125.72	102156875.9
3	1498025779	1.018	125.72	89613113.22
3	1060190536	1.018	125.72	110824690.4
3	1397983627	1.018	125.72	170203917.1
3	1110408281	1.018	125.72	147328502.6
3	968276382.7	1.018	125.72	258419619.8
3	644465724.3	1.018	125.72	97054010.11
3	717382224	1.018	125.72	144635915.5
3	971770134.6	1.018	125.72	121091329.3
3	967284531.6	1.018	125.72	76426241.61
3	706702998.7	1.018	125.72	114413799.1
3	786676147.6	1.018	125.72	120070214.7
5	686959795.5	1.018	125.72	160435238.2
5	646933886.4	1.018	125.72	139655840.5
5	642595380.2	1.018	125.72	62696284.09
5	715479551.3	1.018	125.72	79662280.01
5	584362262.5	1.018	125.72	84545965.74
5	591779041.8	1.018	125.72	161748113.4
5	584572768.9	1.018	125.72	76728454.17
5	471487366.9	1.018	125.72	113237979.1
5	578678262.3	1.018	125.72	101864849.2
5	569560048.4	1.018	125.72	112831909.9
5	608613732.1	1.018	125.72	122401748.7
5	617671604.9	1.018	125.72	147538292.3
5	618599098.7	1.018	125.72	46183991.14
5	614833494.5	1.018	125.72	52790937.12
5	525401551.8	1.018	125.72	213882510.4
5	645648573.7	1.018	125.72	109302884.2
5	611980169.2	1.018	125.72	70651781.7
5	635533299.7	1.018	125.72	100669992.8
5	569397563.8	1.018	125.72	98329721.94
5	573570896.1	1.018	125.72	55894849.91
5	542872668.6	1.018	125.72	60245341.34
5	646888540.4	1.018	125.72	99829218.59
5	599843204.8	1.018	125.72	52149091.22
5	590466338.5	1.018	125.72	53820626.94
5	784963767.4	1.018	125.72	37063461.76
5	494180647.6	1.018	125.72	126901735.9
5	463797611.2	1.018	125.72	89435312.93
5	489344129.8	1.018	125.72	52521191.98
5	609215459.4	1.018	125.72	59620773.73
5	438889607.7	1.018	125.72	39551298.02
5	657141235.7	1.018	125.72	60669219.08
5	617288273.5	1.018	125.72	81225725.58
5	548676137.3	1.018	125.72	156521028.1
5	618192262.8	1.018	125.72	87762426.14
5	673742322.3	1.018	125.72	63229841.53
5	683730162.3	1.018	125.72	163192385.3
5	623934719	1.018	125.72	77174905.75
5	530483296.6	1.018	125.72	95924104.11
5	562118978.1	1.018	125.72	163696786
5	532295641.8	1.018	125.72	65361849.55
5	582839322.3	1.018	125.72	77559081.54
5	570505706.2	1.018	125.72	162352763.6
5	575340550.5	1.018	125.72	77041532.99
5	550646244.7	1.018	125.72	117495280
5	588428857.1	1.018	125.72	90061601.83
5	457572829	1.018	125.72	120271409
5	616428710.2	1.018	125.72	151267837.8
5	533392635.4	1.018	125.72	102719854.5
5	491777804.8	1.018	125.72	63369654.78
5	660990594.7	1.018	125.72	37401487.89
5	643536943.6	1.018	125.72	112150020.7
5	585190624.6	1.018	125.72	206805426.8
5	621028984.9	1.018	125.72	151350964.4
5	644050927.2	1.018	125.72	58067880.72
5	647736877	1.018	125.72	105873265.3
5	854973349.1	1.018	125.72	31761015.93
5	579889801.5	1.018	125.72	79070452.12
5	495564766.7	1.018	125.72	55270705.16
5	559337037.4	1.018	125.72	95869404.9
5	808000352.4	1.018	125.72	78074179.47
5	614446010.9	1.018	125.72	120747831.7
5	543339419.4	1.018	125.72	80123661.62
5	696508726.3	1.018	125.72	62081203.38
5	564725608.3	1.018	125.72	82830167.49
5	578984765.2	1.018	125.72	172305175.4
5	790550058.8	1.018	125.72	31841243.29
5	478866298.3	1.018	125.72	111201389.1
5	500730348.1	1.018	125.72	115543718.3
5	554988211.6	1.018	125.72	89629478.49
5	439800714.4	1.018	125.72	100351967.7
5	849947159.9	1.018	125.72	172857771.3
5	480171525	1.018	125.72	75958426.25
5	645159140.4	1.018	125.72	67466132.53
5	498731826.7	1.018	125.72	119492340.9
5	605033970.6	1.018	125.72	173915221
5	445820980.9	1.018	125.72	144659513.6
5	602423876.8	1.018	125.72	89118357.06
5	487572634.8	1.018	125.72	174196712.4
5	466413327	1.018	125.72	106082780.3
5	599770090.8	1.018	125.72	54075102.63
11	321150094.4	1.018	125.72	286554115.5
11	328929523.8	1.018	125.72	133502219.8
11	244317534.1	1.018	125.72	146268737.1
11	321454270.2	1.018	125.72	171965964.7
11	328433136.8	1.018	125.72	201380114.1
11	250331751.4	1.018	125.72	172552333.6
11	299639081.3	1.018	125.72	153045494
11	309596170.7	1.018	125.72	151038960
11	277133771.4	1.018	125.72	101856449.3
11	271827076.2	1.018	125.72	243901480.6
11	289961008.1	1.018	125.72	187857757.9
11	298810151.7	1.018	125.72	155080554.7
11	260626559.1	1.018	125.72	223950440.5
11	287804194.5	1.018	125.72	161915590.2
11	243864887.5	1.018	125.72	141364285.7
11	259642983.8	1.018	125.72	245825437.7
11	328919920	1.018	125.72	168781024.6
11	276139028.8	1.018	125.72	172582924
11	326691415.6	1.018	125.72	173780523.3
11	244101052.5	1.018	125.72	115608815
11	335296781.4	1.018	125.72	104501724.9
11	276735923.5	1.018	125.72	60842762.13
11	319135976.7	1.018	125.72	67034910.98
11	332111102	1.018	125.72	156522755.1
11	287717417.4	1.018	125.72	85169972.29
11	320759686.4	1.018	125.72	119964123.9
11	312046441.3	1.018	125.72	81755810.13
11	312149047.3	1.018	125.72	73541353.52
11	317354392.3	1.018	125.72	64616748.15
11	259456118.9	1.018	125.72	72209920.84
11	290754281.6	1.018	125.72	109486839.6
11	310123475	1.018	125.72	45042628.36
11	303709684.2	1.018	125.72	72383619.34
11	311568328.9	1.018	125.72	91575989.77
11	305930026.5	1.018	125.72	74339895.77
11	287966661.9	1.018	125.72	105147910.8
11	240213975.7	1.018	125.72	246345649
11	361732466.4	1.018	125.72	97247335.65
11	335104912.6	1.018	125.72	71407309.88
11	320275671.8	1.018	125.72	136468563.5
101	38291261.48	1.018	125.72	136645614.7
101	32852315.76	1.018	125.72	122987412
101	33810748.47	1.018	125.72	148143598
101	34174830.47	1.018	125.72	145967155.3
101	34007319.23	1.018	125.72	170894846.3
101	33423138.45	1.018	125.72	138779655.7
101	35184344.8	1.018	125.72	143647978.1
101	32833384.87	1.018	125.72	153029870.2
101	33599920.95	1.018	125.72	176335860.2
101	33651572.41	1.018	125.72	169496481.1
101	32809847.6	1.018	125.72	153488197.8
101	32682811.12	1.018	125.72	107469355.9
101	33732561.77	1.018	125.72	158886122
101	31909991.03	1.018	125.72	124687100.4
101	32477188.65	1.018	125.72	181416090.2
101	33375530.48	1.018	125.72	110469703.3
101	33059510.78	1.018	125.72	130813225.1
101	33771468.69	1.018	125.72	113673218.9
101	33085184.55	1.018	125.72	110439179.6
101	35634901.51	1.018	125.72	133055701.8
3	1359668182	1.244	-24.74	6347488479
3	1259629859	1.244	-24.74	4867980116
3	1361472719	1.244	-24.74	2495663386
3	1374017456	1.244	-24.74	7033757327
3	852607879.1	1.244	-24.74	9803580278
3	1001412793	1.244	-24.74	7100239741
3	1654811096	1.244	-24.74	2239254970
3	1001866357	1.244	-24.74	7206512933
3	1011863924	1.244	-24.74	8453764967
3	857526817.1	1.244	-24.74	3571481186
3	1201757929	1.244	-24.74	8027642612
3	1260879714	1.244	-24.74	10186806611
3	1287575837	1.244	-24.74	7113070717
3	1051728838	1.244	-24.74	9326826182
3	1205865758	1.244	-24.74	6160284528
3	796103146.6	1.244	-24.74	9093520955
3	1848610205	1.244	-24.74	7364062487
3	828575735.7	1.244	-24.74	11962570240
3	1095581555	1.244	-24.74	3726355362
3	1008614930	1.244	-24.74	11088942069
3	1180399497	1.244	-24.74	8753272146
3	974470479	1.244	-24.74	9167330040
3	1360376916	1.244	-24.74	7485766812
3	929997916.8	1.244	-24.74	8304792312
3	1005912301	1.244	-24.74	9894495250
3	866660721.5	1.244	-24.74	5501381535
3	1108453804	1.244	-24.74	14939204295
3	923044949.2	1.244	-24.74	8472026342
3	827846677.1	1.244	-24.74	6351409930
3	793654633.2	1.244	-24.74	8115729559
3	1262965956	1.244	-24.74	5466297093
3	1221421457	1.244	-24.74	13068393021
3	1010097569	1.244	-24.74	8708933789
3	1306722481	1.244	-24.74	11581030259
3	1002081701	1.244	-24.74	4260241592
3	1193153488	1.244	-24.74	12701355839
33	127506433.5	1.244	-24.74	17924541866
33	132808771.9	1.244	-24.74	17263039483
33	133537394.4	1.244	-24.74	11977047209
33	131991952	1.244	-24.74	10962978964
33	131427692.6	1.244	-24.74	15322706867
33	135128257.2	1.244	-24.74	10208481288
33	123914826.8	1.244	-24.74	14191238240
33	126760718.1	1.244	-24.74	12698090551
33	131492534.9	1.244	-24.74	11258159689
33	126925845.1	1.244	-24.74	13155728089
33	129042352.5	1.244	-24.74	19911448464
33	135073039.8	1.244	-24.74	7214185940
33	136112528.9	1.244	-24.74	11714704355
33	119149152.9	1.244	-24.74	10288188271
33	132952129.2	1.244	-24.74	12599074158
33	128238042.2	1.244	-24.74	16620442680
333	13612237.6	1.244	-24.74	15418627771
333	13509584.16	1.244	-24.74	13638785901
333	13556231.09	1.244	-24.74	12606880125
333	13538699.39	1.244	-24.74	15808706665
333	13401185.24	1.244	-24.74	13876528585
333	13336378.23	1.244	-24.74	15876228322
333	13546388.88	1.244	-24.74	15899017067
333	13260131.12	1.244	-24.74	17164500284
333	13140410.29	1.244	-24.74	13957296871
333	13552880.98	1.244	-24.74	14867318441
333	13271341.39	1.244	-24.74	15285708395
333	13437617.34	1.244	-24.74	15525458671
333	13322907.45	1.244	-24.74	15879656795
333	13253795	1.244	-24.74	14887020475
333	13460565.44	1.244	-24.74	16741715356
3	1383322315	1.260018766	-35.51577562	1.27093E+11
3	1274760987	1.260018766	-35.51577562	2.90018E+11
3	1380001914	1.260018766	-35.51577562	59464368680
3	1386179031	1.260018766	-35.51577562	89205625899
3	866359002.3	1.260018766	-35.51577562	1.64098E+11
3	1022143492	1.260018766	-35.51577562	77383467396
3	1684290475	1.260018766	-35.51577562	65488097305
3	1022997330	1.260018766	-35.51577562	49960020682
3	1022551374	1.260018766	-35.51577562	57894830139
3	867565125.2	1.260018766	-35.51577562	91273303052
3	1223793693	1.260018766	-35.51577562	43358671926
3	1278218318	1.260018766	-35.51577562	57473760072
3	1306539779	1.260018766	-35.51577562	1.11528E+11
3	1072390567	1.260018766	-35.51577562	2.33103E+11
3	1216607561	1.260018766	-35.51577562	1.22419E+11
3	812254774.1	1.260018766	-35.51577562	1.8819E+11
3	1863308561	1.260018766	-35.51577562	61133907814
3	843203793.9	1.260018766	-35.51577562	2.22335E+11
3	1109730983	1.260018766	-35.51577562	60786369907
3	1025480708	1.260018766	-35.51577562	54381478924
3	1195227469	1.260018766	-35.51577562	1.01049E+11
3	987990277.3	1.260018766	-35.51577562	1.72201E+11
3	1376016869	1.260018766	-35.51577562	63489686590
3	947755636.3	1.260018766	-35.51577562	1.62909E+11
3	1028856008	1.260018766	-35.51577562	65179640574
3	885565839.7	1.260018766	-35.51577562	57038027525
3	1123829071	1.260018766	-35.51577562	2.51987E+11
3	934092196.9	1.260018766	-35.51577562	78043226605
3	842741965.2	1.260018766	-35.51577562	83660261589
3	810939567.2	1.260018766	-35.51577562	1.54207E+11
3	1279369332	1.260018766	-35.51577562	1.06262E+11
3	1228933434	1.260018766	-35.51577562	2.23806E+11
3	1024104828	1.260018766	-35.51577562	1.70864E+11
3	1321492071	1.260018766	-35.51577562	1.50569E+11
3	1021324085	1.260018766	-35.51577562	1.10331E+11
3	1215619397	1.260018766	-35.51577562	5.08147E+11
33	129710256.3	1.260018766	-35.51577562	2.30444E+11
33	134650766.2	1.260018766	-35.51577562	2.59678E+11
33	135563833.2	1.260018766	-35.51577562	1.37853E+11
33	134146025.7	1.260018766	-35.51577562	2.52241E+11
33	133514715.3	1.260018766	-35.51577562	2.09013E+11
33	137165506.7	1.260018766	-35.51577562	1.58817E+11
33	126038083.2	1.260018766	-35.51577562	2.08242E+11
33	128684270.6	1.260018766	-35.51577562	2.53512E+11
33	133575773.9	1.260018766	-35.51577562	1.76973E+11
33	128884957	1.260018766	-35.51577562	2.78949E+11
33	130970632	1.260018766	-35.51577562	2.24178E+11
33	137232103.8	1.260018766	-35.51577562	93389875918
33	138215316.5	1.260018766	-35.51577562	1.74615E+11
33	120989003.2	1.260018766	-35.51577562	1.49671E+11
33	135105344.8	1.260018766	-35.51577562	1.80459E+11
33	130627679.7	1.260018766	-35.51577562	2.82831E+11
333	13841035.22	1.260018766	-35.51577562	2.08075E+11
333	13721392.82	1.260018766	-35.51577562	1.8592E+11
333	13773774.09	1.260018766	-35.51577562	1.66559E+11
333	13753522.57	1.260018766	-35.51577562	2.05146E+11
333	13628585.18	1.260018766	-35.51577562	1.8031E+11
333	13560899.22	1.260018766	-35.51577562	2.00971E+11
333	13766664.98	1.260018766	-35.51577562	2.17457E+11
333	13476499.91	1.260018766	-35.51577562	2.38692E+11
333	13348385.15	1.260018766	-35.51577562	2.01934E+11
333	13775729.59	1.260018766	-35.51577562	2.47625E+11
333	13481037.09	1.260018766	-35.51577562	2.74114E+11
333	13655591.21	1.260018766	-35.51577562	3.20995E+11
333	13542639.83	1.260018766	-35.51577562	3.36791E+11
333	13467879.9	1.260018766	-35.51577562	2.47372E+11
333	13678217.65	1.260018766	-35.51577562	3.04032E+11
3	1289659645	0.823838125	106.8677898	330555668.8
3	885624273.9	0.823838125	106.8677898	1010104245
3	714329597.7	0.823838125	106.8677898	325500618
3	768185891.8	0.823838125	106.8677898	1119755355
3	535890461.8	0.823838125	106.8677898	933129163.9
3	650830473.7	0.823838125	106.8677898	3069185100
3	1131312187	0.823838125	106.8677898	420452864
3	715126861.5	0.823838125	106.8677898	437025552.8
3	597220165.7	0.823838125	106.8677898	518099245.5
3	544538090.2	0.823838125	106.8677898	323739304.5
3	856168912.2	0.823838125	106.8677898	461096770.9
3	839684356.7	0.823838125	106.8677898	137712941.5
3	893410561.6	0.823838125	106.8677898	400873778.5
3	618697130.3	0.823838125	106.8677898	3474271738
3	595569877.5	0.823838125	106.8677898	367368443.4
3	630300093.1	0.823838125	106.8677898	374597748.9
3	779513130.4	0.823838125	106.8677898	526647591.9
3	853789083.3	0.823838125	106.8677898	263636338.7
3	500721071.9	0.823838125	106.8677898	549646756.4
3	729166462.8	0.823838125	106.8677898	495048722
3	872980654.1	0.823838125	106.8677898	977025989.9
3	732918221.4	0.823838125	106.8677898	570941910.4
3	783257492.1	0.823838125	106.8677898	485382010
3	567252137.3	0.823838125	106.8677898	1169892452
3	672036649.6	0.823838125	106.8677898	559817151.9
3	558697062	0.823838125	106.8677898	521966546
3	716125814.4	0.823838125	106.8677898	413849236.4
3	705011259.6	0.823838125	106.8677898	477730435.1
3	673761885	0.823838125	106.8677898	1155486939
3	743310025.9	0.823838125	106.8677898	1051511015
3	866447674	0.823838125	106.8677898	852701940.8
3	864941066.3	0.823838125	106.8677898	1745315876
3	777079974.5	0.823838125	106.8677898	429450205.5
3	797257376.8	0.823838125	106.8677898	301655455.3
3	753553105.8	0.823838125	106.8677898	2293090449
3	1301147561	0.823838125	106.8677898	311289559.5
3	623985591.6	0.823838125	106.8677898	588379255.1
3	810300726.1	0.823838125	106.8677898	521639195
3	779093339	0.823838125	106.8677898	514989544
3	705041304.1	0.823838125	106.8677898	347953406.4
3	942637936.2	0.823838125	106.8677898	1415879475
3	1307785969	0.823838125	106.8677898	155126107.4
3	936906735.5	0.823838125	106.8677898	888705792.4
3	900665814.5	0.823838125	106.8677898	288056473.8
3	567111987.1	0.823838125	106.8677898	546617904.5
3	554106457.9	0.823838125	106.8677898	706289594.2
3	765442343.6	0.823838125	106.8677898	426173364.5
3	942294795.2	0.823838125	106.8677898	204448162.4
3	566259257	0.823838125	106.8677898	1222964271
3	650387762.3	0.823838125	106.8677898	422202237.8
3	793900019.7	0.823838125	106.8677898	305213540
3	940566027.9	0.823838125	106.8677898	319458522.1
3	685765864.2	0.823838125	106.8677898	734717139.3
3	864044482.2	0.823838125	106.8677898	1110361294
3	538869218.3	0.823838125	106.8677898	251162952.5
3	638720458.7	0.823838125	106.8677898	585706460.2
3	756252418.5	0.823838125	106.8677898	432279008.5
3	789342010.7	0.823838125	106.8677898	427903782.9
3	938796575.3	0.823838125	106.8677898	497505950.1
3	721096596.8	0.823838125	106.8677898	522848787.7
3	749183933.8	0.823838125	106.8677898	3179586125
3	718604293.1	0.823838125	106.8677898	1629895292
3	864358821.8	0.823838125	106.8677898	531926591.3
3	631530118.1	0.823838125	106.8677898	510862526.6
3	589951536	0.823838125	106.8677898	709834805.8
3	809365729.9	0.823838125	106.8677898	2326220603
3	628906425.8	0.823838125	106.8677898	1584241743
3	639031293.2	0.823838125	106.8677898	994950285.6
3	731955901.6	0.823838125	106.8677898	586027852.1
3	452826305.9	0.823838125	106.8677898	672525643.8
3	532871990.7	0.823838125	106.8677898	1510247303
3	751504757.9	0.823838125	106.8677898	354106907.3
3	687548910.3	0.823838125	106.8677898	894301474.8
3	881296779.8	0.823838125	106.8677898	774336079.8
3	835053269.1	0.823838125	106.8677898	329784396.2
3	1182790775	0.823838125	106.8677898	386750158.3
3	1214348123	0.823838125	106.8677898	292762835.7
3	552875448.5	0.823838125	106.8677898	722621419.6
3	782093974.9	0.823838125	106.8677898	486417577.2
3	804417816.6	0.823838125	106.8677898	233673732.1
3	872928591.7	0.823838125	106.8677898	1258045134
3	784843964.1	0.823838125	106.8677898	660264959.5
3	904732853.1	0.823838125	106.8677898	455629439.3
3	667390068	0.823838125	106.8677898	592042174.2
3	617725700.8	0.823838125	106.8677898	557714392.4
3	851908552.1	0.823838125	106.8677898	380933809.6
3	659372256.4	0.823838125	106.8677898	648882239.5
3	745542306.1	0.823838125	106.8677898	1107516450
3	737173947.4	0.823838125	106.8677898	534827998.5
3	759976730.1	0.823838125	106.8677898	436493362.4
3	956575713.9	0.823838125	106.8677898	635733688.3
3	566838904.1	0.823838125	106.8677898	468190904.4
3	775592431.9	0.823838125	106.8677898	711912058.7
3	943947600	0.823838125	106.8677898	351584079.3
3	1313036136	0.823838125	106.8677898	150769009.3
3	938365128	0.823838125	106.8677898	574655812.5
3	784866052.7	0.823838125	106.8677898	696775714.9
3	681757573.5	0.823838125	106.8677898	659853525.7
3	746771132.2	0.823838125	106.8677898	764584475.1
3	663324701.9	0.823838125	106.8677898	1087658866
3	822772146.1	0.823838125	106.8677898	684659691.6
3	504735735.5	0.823838125	106.8677898	3962606923
3	719290746.1	0.823838125	106.8677898	268649429.7
3	930276412.7	0.823838125	106.8677898	700503361.4
3	652739967	0.823838125	106.8677898	573010264.5
3	535978100.9	0.823838125	106.8677898	1325468783
3	686193852.6	0.823838125	106.8677898	2199848940
3	550049407.6	0.823838125	106.8677898	1894971668
3	682791019.3	0.823838125	106.8677898	905389209.8
3	707192541.4	0.823838125	106.8677898	152244668.5
3	1302420861	0.823838125	106.8677898	401137522.5
3	770159848.2	0.823838125	106.8677898	319675049.7
3	947148510.4	0.823838125	106.8677898	363240441.9
3	685561591.7	0.823838125	106.8677898	735969401.1
3	1122175902	0.823838125	106.8677898	1130997817
3	707074857.6	0.823838125	106.8677898	144722252.9
3	702374549.1	0.823838125	106.8677898	3257441502
3	680245208	0.823838125	106.8677898	190501889.3
3	824709117.4	0.823838125	106.8677898	301542389.7
3	887028208.1	0.823838125	106.8677898	955046113.9
3	916925135.8	0.823838125	106.8677898	457857456.4
3	910750380.5	0.823838125	106.8677898	845974796.1
3	750815040.3	0.823838125	106.8677898	487717628.4
3	810008646.8	0.823838125	106.8677898	1823538217
3	758313011.9	0.823838125	106.8677898	340485409
3	814011873.2	0.823838125	106.8677898	3996950658
3	744235106	0.823838125	106.8677898	469051837.6
3	614762201.6	0.823838125	106.8677898	2979087320
3	653743597.7	0.823838125	106.8677898	686163264.8
3	594959410.9	0.823838125	106.8677898	1270417822
3	855977324.6	0.823838125	106.8677898	1729600008
3	787463632.5	0.823838125	106.8677898	760145718.1
3	907071840	0.823838125	106.8677898	398957288.8
3	620036757.3	0.823838125	106.8677898	729997553.5
3	1275696335	0.823838125	106.8677898	157025227
3	673122519.7	0.823838125	106.8677898	274000315.8
3	804573550.6	0.823838125	106.8677898	455747732.4
3	1204674816	0.823838125	106.8677898	338446690.4
3	601800892.4	0.823838125	106.8677898	719723969.5
3	808967427.9	0.823838125	106.8677898	334426996.1
3	937896819.1	0.823838125	106.8677898	424951433.3
3	939006596.4	0.823838125	106.8677898	329313356.2
3	1327308716	0.823838125	106.8677898	240083388
3	675704835.8	0.823838125	106.8677898	465672495.5
3	574175773.2	0.823838125	106.8677898	248297547.9
3	839524067.4	0.823838125	106.8677898	868017221.4
3	700494670.3	0.823838125	106.8677898	325798157.7
3	735553361.6	0.823838125	106.8677898	1828431652
3	638903206.7	0.823838125	106.8677898	4014225536
3	1307867794	0.823838125	106.8677898	727636173.1
3	934991257.7	0.823838125	106.8677898	765765445.1
3	1241759657	0.823838125	106.8677898	419852939.7
3	974964852.3	0.823838125	106.8677898	4855571204
3	856440777	0.823838125	106.8677898	1622484858
5	618038523.9	0.823838125	106.8677898	3532872847
5	571806546.6	0.823838125	106.8677898	1328937881
5	569091812.1	0.823838125	106.8677898	276594024
5	628686913.1	0.823838125	106.8677898	610034472.2
5	516299650	0.823838125	106.8677898	1049641973
5	532625217.1	0.823838125	106.8677898	466713247.1
5	517607402.8	0.823838125	106.8677898	487006897.8
5	425337579.5	0.823838125	106.8677898	469254868.3
5	519161447.5	0.823838125	106.8677898	800195397.7
5	510696643.5	0.823838125	106.8677898	2068280047
5	540388739.9	0.823838125	106.8677898	928645201.2
5	552006861.2	0.823838125	106.8677898	434170673.6
5	551469754.8	0.823838125	106.8677898	455528262.8
5	547695296.9	0.823838125	106.8677898	816976233.1
5	473261873.8	0.823838125	106.8677898	1774615434
5	572018174.6	0.823838125	106.8677898	302401950.5
5	547760499.7	0.823838125	106.8677898	373400749.8
5	575151043.4	0.823838125	106.8677898	1328578888
5	505500317.9	0.823838125	106.8677898	494593750.4
5	509912342.2	0.823838125	106.8677898	453616409.8
5	488410302.3	0.823838125	106.8677898	2186212957
5	577075481.1	0.823838125	106.8677898	362299730.8
5	538081225.4	0.823838125	106.8677898	637839468
5	524777947.7	0.823838125	106.8677898	338142691.1
5	687710737.1	0.823838125	106.8677898	716720831.3
5	444521402.5	0.823838125	106.8677898	1001339919
5	417943967.8	0.823838125	106.8677898	666379344.7
5	439626162	0.823838125	106.8677898	1013232458
5	541160630.5	0.823838125	106.8677898	544008250.9
5	392435278.8	0.823838125	106.8677898	1219926383
5	576228738.7	0.823838125	106.8677898	330752789.1
5	549508451.2	0.823838125	106.8677898	740689479.6
5	495235729.3	0.823838125	106.8677898	1257243548
5	550630342.6	0.823838125	106.8677898	1243553625
5	598241201.4	0.823838125	106.8677898	16199758567
5	618864693	0.823838125	106.8677898	558885990.5
5	551205314.9	0.823838125	106.8677898	439097565.8
5	479578402.5	0.823838125	106.8677898	1308084288
5	502964909.2	0.823838125	106.8677898	211990358.3
5	470751329.3	0.823838125	106.8677898	452562943.1
5	514762307.2	0.823838125	106.8677898	788920032.9
5	506800200.1	0.823838125	106.8677898	316797121.7
5	510229274.2	0.823838125	106.8677898	3289343755
5	491368616.8	0.823838125	106.8677898	632726913.7
5	530914930.2	0.823838125	106.8677898	221197747.7
5	409578753.9	0.823838125	106.8677898	1054725474
5	553422658.9	0.823838125	106.8677898	381110299.8
5	481156725.1	0.823838125	106.8677898	1320810889
5	441028955.5	0.823838125	106.8677898	617229180.7
5	584049393.9	0.823838125	106.8677898	412368285.8
5	568497315.2	0.823838125	106.8677898	819213875.9
5	525417596.3	0.823838125	106.8677898	598872545.4
5	556856574.4	0.823838125	106.8677898	750762708.9
5	569315916.2	0.823838125	106.8677898	167736367.7
5	573767525.8	0.823838125	106.8677898	334779947.3
5	751559711.5	0.823838125	106.8677898	159183476.9
5	517040582.6	0.823838125	106.8677898	348358450.3
5	443340311.5	0.823838125	106.8677898	359360046.5
5	498433620.8	0.823838125	106.8677898	1012321439
5	704446631.7	0.823838125	106.8677898	296577986.7
5	556323318.8	0.823838125	106.8677898	404499682.5
5	488077550	0.823838125	106.8677898	1078245888
5	633662745.1	0.823838125	106.8677898	709045207.5
5	506593065.9	0.823838125	106.8677898	421285197.3
5	517171275	0.823838125	106.8677898	2045082753
5	696081670.3	0.823838125	106.8677898	2010541810
5	430639692.9	0.823838125	106.8677898	1097151857
5	452567032.9	0.823838125	106.8677898	1785324228
5	504785162.3	0.823838125	106.8677898	1302887138
5	394716801.8	0.823838125	106.8677898	1263771060
5	777198648.8	0.823838125	106.8677898	858864059.8
5	430082872.7	0.823838125	106.8677898	582985751.3
5	578573760.3	0.823838125	106.8677898	854225119.1
5	447665699.3	0.823838125	106.8677898	787997436.8
11	283362307.2	0.823838125	106.8677898	878785600
11	289407338.4	0.823838125	106.8677898	483284078.4
11	216680480.5	0.823838125	106.8677898	1243757738
11	287701106.9	0.823838125	106.8677898	487708554.2
11	292957063.1	0.823838125	106.8677898	1040103064
11	220808315.1	0.823838125	106.8677898	678343875.6
11	263936391.3	0.823838125	106.8677898	300233465.9
11	272402626.2	0.823838125	106.8677898	1762405658
11	244862573	0.823838125	106.8677898	579139707
11	238800660.1	0.823838125	106.8677898	347324851.2
11	254659268.4	0.823838125	106.8677898	432393627.2
11	264424154.3	0.823838125	106.8677898	527230166.7
11	231854577.8	0.823838125	106.8677898	2032738103
11	252830338.7	0.823838125	106.8677898	321608151.9
11	218918686.7	0.823838125	106.8677898	758070562.7
11	232306798.9	0.823838125	106.8677898	1444748150
11	293395028.1	0.823838125	106.8677898	1203812332
11	244598122.2	0.823838125	106.8677898	538495406
11	286510934.7	0.823838125	106.8677898	378286776
11	215943427.4	0.823838125	106.8677898	540839532.3
11	299749700.2	0.823838125	106.8677898	419307796.8
11	246310913	0.823838125	106.8677898	1560477960
11	285104982	0.823838125	106.8677898	488273438.6
11	296155567.4	0.823838125	106.8677898	1569070520
11	257642623.9	0.823838125	106.8677898	694819697.4
11	287570293.6	0.823838125	106.8677898	429815343
11	278194942.7	0.823838125	106.8677898	522273957.5
11	279336075.7	0.823838125	106.8677898	385954184
11	285743814.4	0.823838125	106.8677898	566930483.9
11	231522993.8	0.823838125	106.8677898	175299394.1
11	260178171.6	0.823838125	106.8677898	2463742689
11	275895626.5	0.823838125	106.8677898	270656743.6
11	269969465.7	0.823838125	106.8677898	857581284.2
11	280398206.8	0.823838125	106.8677898	623685637
101	33920149.51	0.823838125	106.8677898	730046542.6
101	29137133.43	0.823838125	106.8677898	811007940.7
101	29835112.66	0.823838125	106.8677898	737712257.9
101	30309640.01	0.823838125	106.8677898	941058386.2
101	30072984.29	0.823838125	106.8677898	1087748647
101	29759378.92	0.823838125	106.8677898	752734986.8
101	31260765.04	0.823838125	106.8677898	823967100.8
101	29074082	0.823838125	106.8677898	768309686.9
101	29677437.47	0.823838125	106.8677898	1206015960
101	29822884.28	0.823838125	106.8677898	1066734720
101	29102601.84	0.823838125	106.8677898	1509595418
101	29022967.17	0.823838125	106.8677898	762538850.4
101	29882986.83	0.823838125	106.8677898	924836829.6
101	28282192.85	0.823838125	106.8677898	967266448.4
3	1462746485	1.0165	126.0918	251174204.8
3	1004769133	1.0165	126.0918	355059119.1
3	799592089.1	1.0165	126.0918	160539943.5
3	870010143.1	1.0165	126.0918	196771151.4
3	598446978.3	1.0165	126.0918	416595717.1
3	727037686.8	1.0165	126.0918	510576573.7
3	1282447373	1.0165	126.0918	417726001
3	797355631.7	1.0165	126.0918	344969899
3	679126803	1.0165	126.0918	549028458.5
3	607594347.1	1.0165	126.0918	342885663
3	967022858.7	1.0165	126.0918	135866651.9
3	946334068.4	1.0165	126.0918	392491861.9
3	1026827092	1.0165	126.0918	327769535.6
3	691898372.4	1.0165	126.0918	312139088.2
3	676241088.3	1.0165	126.0918	270987603
3	704628649.7	1.0165	126.0918	136760527
3	872724862.9	1.0165	126.0918	218951457.9
3	960775426.1	1.0165	126.0918	222717862
3	562864093.3	1.0165	126.0918	239132096.5
3	823568442.1	1.0165	126.0918	175401434
3	990946667.9	1.0165	126.0918	397010074.4
3	839048498.6	1.0165	126.0918	315571793.6
3	886434878.4	1.0165	126.0918	494452184.2
3	641825212.2	1.0165	126.0918	110239830.1
3	755072938.8	1.0165	126.0918	289135989
3	621745151.7	1.0165	126.0918	248617671.1
3	801588226.5	1.0165	126.0918	184504649.6
3	796647830.6	1.0165	126.0918	258160699.9
3	768902208.9	1.0165	126.0918	230101959.2
3	828253296.1	1.0165	126.0918	296089284.1
3	988809896.1	1.0165	126.0918	291522477.1
3	982274992.2	1.0165	126.0918	104437932
3	883704094.6	1.0165	126.0918	433287010.2
3	917118674.8	1.0165	126.0918	117811366.5
3	857506484.5	1.0165	126.0918	441502153.7
3	1503171112	1.0165	126.0918	119077789.4
3	702263112.4	1.0165	126.0918	468122534
3	923065860.7	1.0165	126.0918	195476702.9
3	879589209.3	1.0165	126.0918	104936593.6
3	797013132.3	1.0165	126.0918	217727509.3
3	1076313331	1.0165	126.0918	328085328.4
3	1518434715	1.0165	126.0918	592390904.1
3	1072687972	1.0165	126.0918	179735533.5
3	1026352999	1.0165	126.0918	405611659.3
3	650239825.8	1.0165	126.0918	189268267.1
3	620755990	1.0165	126.0918	446701437.3
3	854871102.3	1.0165	126.0918	244203567.5
3	1068347171	1.0165	126.0918	324793057.6
3	645860952.2	1.0165	126.0918	126586350.5
3	733936816.4	1.0165	126.0918	443863587.8
3	906242868.2	1.0165	126.0918	172927961.9
3	1068486731	1.0165	126.0918	226502887.4
3	766411604	1.0165	126.0918	283381210.6
3	980989057.6	1.0165	126.0918	330513560.7
3	609961184.2	1.0165	126.0918	191807094.9
3	730224116.7	1.0165	126.0918	546853662.1
3	864687853.3	1.0165	126.0918	236494795
3	906665708.9	1.0165	126.0918	244207368
3	1069093841	1.0165	126.0918	353296376.4
3	808313058.5	1.0165	126.0918	342579327.8
3	838790193.9	1.0165	126.0918	295223094.1
3	804624868.4	1.0165	126.0918	370521953.6
3	981918564.3	1.0165	126.0918	402885850.5
3	713697445.5	1.0165	126.0918	120958418.5
3	664268440.5	1.0165	126.0918	159155268.4
3	918727865.6	1.0165	126.0918	141513247
3	699659693.7	1.0165	126.0918	700522164.3
3	711075778.2	1.0165	126.0918	255837290.1
3	812814790.1	1.0165	126.0918	52454857.89
3	502288044.4	1.0165	126.0918	766540020.8
3	591455088.1	1.0165	126.0918	1026593305
3	849207127.9	1.0165	126.0918	223194543.1
3	764221778.4	1.0165	126.0918	509360634.9
3	991628992	1.0165	126.0918	609863426.8
3	936600354.8	1.0165	126.0918	131842005.3
3	1326627484	1.0165	126.0918	166669522
3	1387075562	1.0165	126.0918	173298836.9
3	618502843.8	1.0165	126.0918	1642476695
3	876116875.2	1.0165	126.0918	493507752.8
3	902903626	1.0165	126.0918	277082267.4
3	988893031.2	1.0165	126.0918	278098620.7
3	875440897.5	1.0165	126.0918	359606978.2
3	1027556082	1.0165	126.0918	240192445.6
3	748038420.5	1.0165	126.0918	470885686
3	696014099.4	1.0165	126.0918	315955328.1
3	961628482	1.0165	126.0918	108161104.1
3	746720744.9	1.0165	126.0918	461771666.8
3	832954270.1	1.0165	126.0918	647248271.9
3	831706913.3	1.0165	126.0918	289549845.9
3	850934025.7	1.0165	126.0918	486264609.9
3	1091323707	1.0165	126.0918	439450575.1
3	648251438.7	1.0165	126.0918	200942000.8
3	877299073.7	1.0165	126.0918	147200378.3
3	1069461640	1.0165	126.0918	278758145.5
3	1504940387	1.0165	126.0918	62970993.61
3	1066597931	1.0165	126.0918	119719764.8
3	907924581.7	1.0165	126.0918	164661791.1
3	765228017.5	1.0165	126.0918	484285972.3
3	831767417.3	1.0165	126.0918	730451535.2
3	745550595.8	1.0165	126.0918	1026128770
3	921758014.4	1.0165	126.0918	211143404.7
3	564911224.4	1.0165	126.0918	898328361.4
3	806813302.5	1.0165	126.0918	164452471.4
3	1040559159	1.0165	126.0918	100094439.1
3	737586486	1.0165	126.0918	326362203
3	591099989.5	1.0165	126.0918	349687394.3
3	752129849.7	1.0165	126.0918	258170414.5
3	612070462.5	1.0165	126.0918	214873544.5
3	761308666.3	1.0165	126.0918	158047686.1
3	788204538.1	1.0165	126.0918	228445246.8
3	1474752785	1.0165	126.0918	147095044.8
3	871686982.5	1.0165	126.0918	96700145.5
3	1050400090	1.0165	126.0918	143556803.6
3	764185543.2	1.0165	126.0918	340907195
3	1261120715	1.0165	126.0918	100814738.9
3	802416381.3	1.0165	126.0918	372877681.8
3	774397342.8	1.0165	126.0918	229689170
3	759376767.2	1.0165	126.0918	28022211.63
3	932171459.8	1.0165	126.0918	137385036.5
3	995092738.3	1.0165	126.0918	176286326.1
3	1043836021	1.0165	126.0918	496241023
3	1029474688	1.0165	126.0918	212786670.4
3	851982211.9	1.0165	126.0918	450264096.7
3	915317132.6	1.0165	126.0918	366907496.8
3	848884357.6	1.0165	126.0918	293120991
3	923178069.1	1.0165	126.0918	133498867.9
3	837827714.5	1.0165	126.0918	389058466.7
3	692463895.2	1.0165	126.0918	505242848.9
3	742302075.6	1.0165	126.0918	357494941
3	666377762.1	1.0165	126.0918	179642212.2
3	971350690	1.0165	126.0918	292511504
3	888076886.7	1.0165	126.0918	517917651.5
3	1029646372	1.0165	126.0918	216858895.2
3	702143758.4	1.0165	126.0918	231602662.9
3	1469715499	1.0165	126.0918	122368496.9
3	759301386.6	1.0165	126.0918	185013723.2
3	916902164.9	1.0165	126.0918	306079185.8
3	1384169319	1.0165	126.0918	128777656.4
3	679928704.4	1.0165	126.0918	181916496
3	926943898.1	1.0165	126.0918	115549471.7
3	1062912503	1.0165	126.0918	178959915.4
3	1060757544	1.0165	126.0918	176572229.3
3	1511492138	1.0165	126.0918	44529068.73
3	759686668.7	1.0165	126.0918	661458215
3	647451550.9	1.0165	126.0918	177212642.3
3	939464364.8	1.0165	126.0918	346901585.6
3	786454331.2	1.0165	126.0918	260275662.7
3	822646276	1.0165	126.0918	293814669.3
3	709144694.2	1.0165	126.0918	245414144.6
3	1500359689	1.0165	126.0918	135117802.2
3	1061459692	1.0165	126.0918	261456569.1
3	1399272999	1.0165	126.0918	96541804.24
3	1112497259	1.0165	126.0918	702078953.6
3	969932810.5	1.0165	126.0918	1393469828
5	687943245.7	1.0165	126.0918	495574615.1
5	647807061.7	1.0165	126.0918	501595308.9
5	643529411.1	1.0165	126.0918	165758226.2
5	716448500.8	1.0165	126.0918	171280271.9
5	585181730.8	1.0165	126.0918	294459166.7
5	592627728.6	1.0165	126.0918	648241506.1
5	585457883.3	1.0165	126.0918	96726271.84
5	472292481.3	1.0165	126.0918	205041312.9
5	579584879.4	1.0165	126.0918	215261121.5
5	570457693.3	1.0165	126.0918	217122020
5	609370600.9	1.0165	126.0918	398593779.4
5	618337370.7	1.0165	126.0918	238839345.2
5	619640126.9	1.0165	126.0918	151741486.8
5	616034294.8	1.0165	126.0918	238085398.6
5	526193339.8	1.0165	126.0918	978854365.3
5	646532868.1	1.0165	126.0918	177686204.5
5	613020859	1.0165	126.0918	128522357.9
5	636424258	1.0165	126.0918	226886555.6
5	570163084.9	1.0165	126.0918	131612277.9
5	574469515.4	1.0165	126.0918	352302549.5
5	543826328.3	1.0165	126.0918	185458802.2
5	647711606.3	1.0165	126.0918	68075557.62
5	600870842.9	1.0165	126.0918	173522265
5	591292979.1	1.0165	126.0918	177291563.3
5	786232598.7	1.0165	126.0918	112101698.8
5	494773788.7	1.0165	126.0918	209379549.2
5	464515043.8	1.0165	126.0918	587014536.7
5	490030705.3	1.0165	126.0918	114157929.4
5	610252834.1	1.0165	126.0918	267727860.8
5	439570860.8	1.0165	126.0918	139280768.3
5	658115749.1	1.0165	126.0918	94985393.21
5	618001094	1.0165	126.0918	120058863.9
5	549413391.8	1.0165	126.0918	356549432.5
5	619016431.4	1.0165	126.0918	242918598
5	675079116.8	1.0165	126.0918	247701958.9
5	684709795.5	1.0165	126.0918	266404210.2
5	624970668.2	1.0165	126.0918	163307967.2
5	531295707.1	1.0165	126.0918	234327055.6
5	562805413.9	1.0165	126.0918	150783901.8
5	533164057.3	1.0165	126.0918	150308594.6
5	583798766.9	1.0165	126.0918	204195589.2
5	571248995.8	1.0165	126.0918	676073949
5	576172657.9	1.0165	126.0918	200856118.5
5	551282459.6	1.0165	126.0918	166385082.3
5	589116763.4	1.0165	126.0918	165029998
5	458103826.1	1.0165	126.0918	534614360.1
5	617230333.8	1.0165	126.0918	331998197.7
5	534027912.5	1.0165	126.0918	231476162
5	492507202.1	1.0165	126.0918	462764828.4
5	662183423.3	1.0165	126.0918	365895555.3
5	644524838.6	1.0165	126.0918	214240586.2
5	585742582.1	1.0165	126.0918	181851403.7
5	621897968.4	1.0165	126.0918	282279875.3
5	645234552.6	1.0165	126.0918	242253533.8
5	648653733.3	1.0165	126.0918	305714630.7
5	856813683.7	1.0165	126.0918	207922098.6
5	580710085.6	1.0165	126.0918	128295746
5	496365894.4	1.0165	126.0918	97664129.38
5	560191416.4	1.0165	126.0918	262616924
5	809217615.6	1.0165	126.0918	124350870.1
5	615328242.3	1.0165	126.0918	237719646.3
5	543947104.2	1.0165	126.0918	228575693.6
5	697623562.8	1.0165	126.0918	246349482.7
5	565624917.9	1.0165	126.0918	299725606.5
5	579890824	1.0165	126.0918	803031453.1
5	791741912.3	1.0165	126.0918	67962886.84
5	479363987.5	1.0165	126.0918	216144104.1
5	501294567.5	1.0165	126.0918	249234166.2
5	555830179.9	1.0165	126.0918	390110065.3
5	440267390.6	1.0165	126.0918	232219714.9
5	851110071.1	1.0165	126.0918	431608716.1
5	480789512.9	1.0165	126.0918	191153191.9
5	646161899.2	1.0165	126.0918	168781263.9
5	499541384.9	1.0165	126.0918	239216035.4
11	321605342.3	1.0165	126.0918	332902411.2
11	329346310.9	1.0165	126.0918	346003371.3
11	244622425.8	1.0165	126.0918	302530191.5
11	321850406.3	1.0165	126.0918	279775468.2
11	328821759.4	1.0165	126.0918	728046653.6
11	250653372.8	1.0165	126.0918	279832205.7
11	300096430.7	1.0165	126.0918	607965282.3
11	310036225	1.0165	126.0918	470458818.9
11	277510636.1	1.0165	126.0918	233596619.5
11	272198942.8	1.0165	126.0918	620989189.2
11	290345480.6	1.0165	126.0918	273527168.7
11	299155745.7	1.0165	126.0918	444315203.2
11	260942835	1.0165	126.0918	457597701.9
11	288256660.3	1.0165	126.0918	224459072
11	244202643.1	1.0165	126.0918	254461183.4
11	259965811.3	1.0165	126.0918	290294970.6
11	329373208.8	1.0165	126.0918	338379550.9
11	276473508.2	1.0165	126.0918	223009918.7
11	327163416.3	1.0165	126.0918	291459427.1
11	244431587.3	1.0165	126.0918	346704917.2
11	335775110.9	1.0165	126.0918	203783278.3
11	277135648.1	1.0165	126.0918	149461236.5
11	319532996.5	1.0165	126.0918	107274159.6
11	332543259.1	1.0165	126.0918	559663727.9
11	288116755	1.0165	126.0918	190707297.3
11	321185989	1.0165	126.0918	285675712.1
11	312474191.8	1.0165	126.0918	167405121.5
11	312556373	1.0165	126.0918	225122978.6
11	317793522.4	1.0165	126.0918	227074800.2
11	259882714.4	1.0165	126.0918	185555963.1
11	291164727.3	1.0165	126.0918	184646761.3
11	310583891.8	1.0165	126.0918	58302969.59
11	304243304	1.0165	126.0918	232492828.9
11	311975854.8	1.0165	126.0918	424685148.4
101	38339699.02	1.0165	126.0918	241346802.4
101	32900935.98	1.0165	126.0918	233064562.4
101	33861767.99	1.0165	126.0918	272552641.7
101	34228751.22	1.0165	126.0918	346101589.1
101	34052868.06	1.0165	126.0918	326156346.2
101	33469129.94	1.0165	126.0918	261050028.2
101	35236655.03	1.0165	126.0918	280578537.3
101	32883382.57	1.0165	126.0918	306421027.4
101	33649891.45	1.0165	126.0918	306144105.9
101	33699369.02	1.0165	126.0918	359698166.5
101	32858000.15	1.0165	126.0918	365161049.8
101	32729903.96	1.0165	126.0918	240919048.4
101	33774217.05	1.0165	126.0918	525238970.5
101	31951662.04	1.0165	126.0918	394154813.6

